1   369542
2   172076
3   107480
4   85521
5   69760
6   60805
7   51495
8   46810
9   40852
10   41650
11   34345
12   32436
13   31769
14   30906
15   28981
16   25870
17   20454
18   25838
19   24089
20   24384
21   25906
22   23092
23   21231
24   16707
25   21859
26   21427
27   22057
28   22708
29   20794
30   27154
31   17793
32   19517
33   16867
34   19837
35   21095
36   14758
37   17540
38   16555
39   17478
40   17260
1   68995
2   33188
3   22581
4   102055
5   149844
6   126075
7   105711
8   94484
9   83507
10   74879
11   69324
12   61303
13   55537
14   53335
15   48635
16   46039
17   42810
18   43252
19   39199
20   37948
21   36077
22   35424
23   34720
24   31497
25   31485
26   32026
27   29764
28   28748
29   28432
30   27706
31   28022
32   25991
33   24584
34   26382
35   24694
36   23729
37   25671
38   23919
39   24858
40   22207
