1   375448
2   112411
3   9648
4   7812
5   9520
6   5687
7   5136
8   4688
9   4367
10   3956
11   3989
12   3554
13   3572
14   3606
15   3341
16   3051
17   5317
18   3068
19   2949
20   2887
21   3121
22   3127
23   3041
24   15597
25   16672
26   14264
27   14936
28   14099
29   12989
30   13206
31   14849
32   11888
33   12581
34   12699
35   11784
36   12638
37   11639
38   9070
39   10406
40   10732
41   12719
42   9772
43   10004
44   10343
45   11749
46   9097
47   8375
48   9397
49   10759
50   9968
51   10354
52   9863
53   8693
54   9197
55   7563
56   9637
57   7313
58   9366
59   10089
60   8932
61   5742
62   8506
63   8629
64   10340
65   9032
66   8508
67   8712
68   7903
69   6678
70   6789
71   7741
72   7858
73   5846
74   7696
75   7746
76   6856
77   6109
78   6790
79   4871
80   4764
81   5672
82   4367
83   5163
84   4503
85   4889
86   5047
87   4491
88   4807
89   4242
90   3493
91   3612
92   3276
93   3319
94   3611
95   3010
96   3176
97   2834
98   2664
99   2491
100   83
